36 20                  
01 01 01 01 01 01 01 01 01 01 01 01 01 01 01 01 01 01 01 01 01 01 01 01 01 01 01 01 01 01 01 01 01 01 01 01
01 04 15 15 15 15 15 15 15 05 01 01 01 01 01 01 01 01 01 01 01 01 01 01 01 01 01 01 01 01 04 15 05 01 01 01
01 08 00 01 01 01 03 03 03 06 15 15 05 01 01 01 01 01 01 01 04 15 15 15 15 14 15 15 15 15 07 01 08 01 01 01
01 08 02 01 01 01 03 03 03 08 01 01 08 01 01 01 01 01 01 01 08 01 02 02 01 08 02 03 09 01 08 01 11 15 05 01
01 08 02 01 01 01 04 15 15 13 15 15 13 15 15 15 15 15 15 15 12 01 02 02 01 08 02 03 09 01 08 09 02 02 08 01
01 08 00 02 02 00 08 01 01 01 02 02 01 03 01 02 02 02 02 01 09 09 03 03 01 08 02 03 09 01 08 09 03 03 08 01
01 06 15 15 15 15 13 15 05 01 01 01 01 03 01 02 02 02 01 01 09 01 03 03 01 08 02 03 09 01 08 09 02 02 08 01
01 08 00 00 01 09 01 01 08 01 01 01 01 03 09 02 01 01 01 01 09 01 03 03 09 06 15 15 15 15 07 01 04 15 07 01
01 08 00 00 01 03 01 01 08 01 01 01 01 01 09 02 01 01 04 15 05 01 02 02 01 08 01 01 01 01 08 01 08 01 08 01
01 08 00 00 01 03 01 01 08 02 00 00 00 00 09 02 01 01 08 01 08 01 02 02 01 08 01 01 01 01 08 02 08 01 08 01
01 08 01 01 01 09 01 01 08 02 02 02 02 02 04 15 15 15 12 01 11 15 15 15 15 12 01 01 01 01 08 02 08 01 08 01
01 08 01 02 01 04 15 15 13 05 09 03 03 09 08 00 02 09 01 01 01 01 09 09 02 02 02 01 01 01 08 01 08 03 08 01
01 08 01 02 01 08 01 02 01 08 01 01 01 01 08 02 02 09 01 01 01 01 09 09 02 02 02 01 01 01 08 01 08 03 08 01
01 08 01 02 01 08 02 02 02 08 01 02 02 01 08 09 09 09 01 01 04 15 15 15 15 15 15 15 15 15 13 15 07 02 08 01
01 08 01 01 01 08 01 02 01 08 01 02 02 01 08 01 01 09 01 01 08 01 01 01 01 01 01 01 01 01 01 01 08 02 08 01
01 11 15 15 15 10 15 15 15 07 01 01 01 01 08 01 01 09 02 02 08 01 01 01 01 01 01 01 01 01 01 01 08 01 08 01
01 01 01 01 01 08 01 01 01 08 00 00 00 00 08 01 01 09 02 02 08 01 01 01 01 01 01 01 01 01 01 01 08 01 08 01
01 01 01 01 01 08 01 01 01 08 00 00 00 00 08 01 01 09 02 02 08 01 01 01 01 01 01 01 01 01 01 01 11 15 12 01
01 01 01 01 04 12 01 01 01 11 15 15 15 15 13 15 15 15 15 15 12 01 01 01 01 01 01 01 01 01 01 01 01 01 01 01
01 01 01 01 08 01 01 01 01 01 01 01 01 01 01 01 01 01 01 01 01 01 01 01 01 01 01 01 01 01 01 01 01 01 01 01