36 20                  
02 02 02 02 02 02 02 02 02 02 02 02 02 02 02 02 02 02 02 02 02 02 02 02 02 02 02 02 02 02 02 02 02 02 02 02
02 02 02 02 02 02 02 02 02 02 02 02 02 02 02 02 04 15 15 15 05 02 02 02 02 02 02 02 04 15 15 15 15 15 05 02
15 15 15 05 02 02 02 04 15 15 05 02 02 02 02 02 08 00 00 00 08 02 02 02 02 02 02 02 08 01 01 01 01 01 08 02
02 02 02 08 00 00 02 08 00 00 08 02 02 02 02 02 08 00 01 00 08 02 02 02 02 02 02 02 08 01 02 02 02 02 08 02
02 02 02 08 00 00 01 08 00 00 08 02 02 02 02 02 08 00 01 00 08 02 02 02 02 02 02 02 08 01 02 02 04 15 12 02
02 02 02 08 01 01 01 08 00 00 08 09 09 03 09 09 08 00 01 00 08 02 02 02 02 02 02 02 08 01 02 02 08 02 03 02
02 02 02 08 01 01 01 08 00 00 08 01 01 01 01 01 08 03 03 09 11 15 14 15 15 15 15 15 07 09 09 09 08 02 03 02
02 02 02 06 15 15 15 07 00 00 08 01 01 01 01 01 08 02 02 09 02 02 08 01 01 01 01 01 08 02 02 02 11 15 05 02
02 02 02 08 00 00 00 06 15 15 10 15 15 15 15 15 07 02 02 09 02 02 08 01 02 02 02 01 08 02 02 02 02 02 08 02
02 02 02 08 01 01 01 08 01 01 08 02 02 02 02 02 08 02 02 09 02 02 08 01 02 00 02 01 08 02 02 02 02 02 08 02
02 02 02 08 01 01 01 08 02 02 08 02 02 02 02 02 08 02 02 09 01 01 08 01 00 00 00 01 08 01 01 02 02 02 08 02
02 02 02 08 02 02 02 08 02 02 08 02 02 02 02 02 08 01 02 09 01 01 08 09 09 03 09 09 08 01 01 02 02 02 08 02
02 02 02 08 03 03 03 08 09 09 08 01 01 04 15 15 07 01 02 09 09 09 08 02 02 03 02 02 08 01 01 01 02 02 08 02
02 02 02 08 02 02 02 08 02 02 08 01 01 08 02 02 08 01 02 03 02 02 08 02 02 03 02 02 08 01 01 01 02 02 08 02
02 02 02 08 02 02 02 08 02 02 08 01 01 08 02 02 08 01 02 03 02 02 08 02 02 03 02 02 06 15 15 15 14 15 07 02
02 02 02 08 02 02 02 08 01 01 08 01 01 08 02 02 08 00 00 03 00 00 08 00 02 03 02 00 08 02 03 02 08 00 08 02
02 02 02 11 15 15 15 13 15 15 13 15 15 12 02 02 08 00 00 03 00 00 08 00 00 09 00 00 08 02 03 02 08 00 08 02
02 02 02 02 02 02 02 02 02 02 02 02 02 02 02 02 11 15 15 15 15 15 13 15 15 15 15 15 07 02 03 02 08 00 08 02
02 02 02 02 02 02 02 02 02 02 02 02 02 02 02 02 02 02 02 02 02 02 02 02 02 02 02 02 11 15 15 15 13 15 12 02
02 02 02 02 02 02 02 02 02 02 02 02 02 02 02 02 02 02 02 02 02 02 02 02 02 02 02 02 02 02 02 02 02 02 02 02