36 20                  
02 02 02 02 02 02 02 02 02 02 02 02 02 02 02 02 02 02 02 02 02 02 02 02 02 02 02 02 02 02 02 02 02 02 08 02
02 04 15 15 15 15 15 15 15 15 05 02 02 02 02 02 02 02 02 02 02 02 04 15 15 15 15 15 15 05 02 02 02 02 08 02
02 08 01 01 01 01 09 02 02 02 08 02 02 02 02 02 02 02 02 02 02 02 08 01 02 02 09 01 01 08 02 02 02 02 08 02
02 08 01 01 01 01 09 02 02 02 11 15 14 15 15 15 15 15 15 05 03 03 08 01 02 02 09 02 02 08 02 02 02 02 08 02
02 06 15 15 15 15 15 15 05 03 03 02 08 01 01 09 03 00 00 08 02 02 08 01 02 02 09 02 02 08 02 02 02 02 08 02
02 08 02 01 01 01 02 02 08 02 02 02 08 01 02 09 03 00 00 08 02 02 08 01 02 02 09 02 02 08 01 01 01 01 08 02
02 08 02 01 01 01 02 02 08 02 02 02 08 01 02 03 09 02 02 08 02 02 08 01 02 02 09 03 03 08 01 01 01 01 08 02
02 06 15 15 15 15 15 15 12 09 09 09 08 01 01 03 09 02 02 08 02 02 08 01 02 02 09 02 02 06 15 15 15 15 12 02
02 08 01 01 02 02 09 01 01 02 02 02 06 15 15 15 15 15 15 10 15 15 13 15 15 15 05 02 02 08 01 01 03 02 02 02
02 08 01 01 02 02 03 01 01 02 02 02 08 01 01 09 01 01 01 08 01 01 01 01 01 01 08 00 00 08 01 01 03 02 02 02
02 08 01 01 02 02 03 01 02 02 02 02 08 02 02 09 02 02 02 08 01 01 02 02 02 01 08 00 00 08 01 01 03 02 02 02
02 08 01 00 00 00 03 01 02 02 02 02 08 02 02 09 02 02 02 08 01 01 02 02 02 01 06 15 15 07 03 03 03 02 02 02
02 08 01 00 00 00 09 01 01 01 01 01 08 02 02 09 02 02 00 08 01 01 02 02 02 01 08 00 00 08 01 02 02 02 02 02
02 11 15 15 15 15 15 05 09 03 03 09 08 01 01 09 02 02 00 08 01 01 02 02 02 01 08 00 00 08 01 02 02 02 02 02
02 02 02 02 02 02 02 08 01 02 02 01 08 01 01 09 01 01 00 08 01 01 02 02 02 01 08 01 01 08 01 02 02 02 02 02
02 02 02 02 02 02 02 08 01 02 02 01 06 15 15 15 15 15 15 13 15 05 09 09 09 09 08 01 01 11 15 15 15 05 02 02
02 02 02 02 02 02 02 08 01 02 02 01 08 02 02 02 02 02 02 02 02 08 02 02 02 02 08 01 01 02 02 02 02 08 02 02
02 02 02 02 02 02 02 08 01 01 01 01 08 02 02 02 02 02 02 02 02 08 02 02 02 02 08 02 02 02 02 02 02 08 02 02
02 02 02 02 02 02 02 11 15 15 15 15 12 02 02 02 02 02 02 02 02 11 15 15 15 15 13 15 15 15 15 15 15 12 02 02
02 02 02 02 02 02 02 02 02 02 02 02 02 02 02 02 02 02 02 02 02 02 02 02 02 02 02 02 02 02 02 02 02 02 02 02