36 20                  
03 03 03 03 03 03 03 03 03 03 03 03 03 03 03 03 03 15 15 03 03 03 03 03 03 03 03 03 03 03 03 03 03 03 03 03
08 08 03 03 03 15 15 15 03 03 15 15 15 15 15 07 15 15 15 03 15 15 15 15 15 15 15 15 15 15 15 03 03 03 01 01
08 08 08 08 03 03 03 15 15 15 15 07 15 07 15 15 03 15 15 15 15 15 07 15 15 07 15 15 15 03 03 03 01 01 01 01
08 12 12 08 08 08 03 03 03 15 15 15 15 15 07 15 15 15 15 07 15 03 15 15 03 15 15 03 03 03 01 01 01 13 13 01
08 12 12 12 12 08 08 08 03 03 03 15 15 15 15 15 15 15 15 15 15 15 15 15 15 03 03 03 01 01 01 13 13 13 13 01
08 12 12 12 12 12 12 08 08 08 03 03 03 03 03 03 03 15 15 03 03 03 03 03 03 03 01 01 01 13 13 13 01 09 13 01
08 08 04 04 08 12 12 12 12 08 11 11 11 11 11 11 11 11 11 11 11 11 11 11 11 11 01 13 13 13 13 13 13 13 13 01
08 12 12 12 12 12 12 12 12 08 11 11 11 11 11 11 11 11 11 11 11 11 11 11 11 11 01 13 09 09 09 09 13 01 13 01
08 12 08 12 12 04 12 12 12 08 11 11 11 11 11 11 11 11 11 11 11 11 11 11 11 11 01 13 13 13 13 13 13 13 13 01
12 12 12 12 12 12 12 12 12 12 11 11 11 11 11 11 11 11 11 11 11 11 11 11 11 11 13 13 13 13 13 13 09 13 13 13
12 12 12 12 04 04 12 12 12 12 11 11 11 11 11 11 11 11 11 11 11 11 11 11 11 11 13 13 09 01 13 13 13 13 13 13
08 12 12 12 12 12 12 12 12 08 11 11 11 11 11 11 11 11 11 11 11 11 11 11 11 11 01 13 09 01 13 09 13 13 13 01
08 12 08 12 04 12 04 12 12 08 11 11 11 11 11 11 11 11 11 11 11 11 11 11 11 11 01 13 13 01 13 13 13 13 13 01
08 12 12 12 12 12 12 12 12 08 11 11 11 11 11 11 11 11 11 11 11 11 11 11 11 11 01 13 13 13 13 13 13 09 13 01
08 12 04 04 12 12 12 08 08 08 02 02 02 02 02 02 02 14 14 02 02 02 02 02 02 02 01 01 01 13 13 13 01 13 13 01
08 12 12 12 12 08 08 08 02 02 02 14 14 14 14 14 14 14 14 14 14 14 14 14 14 02 02 02 01 01 01 13 13 13 13 01
08 12 12 08 08 08 02 02 02 14 14 14 06 06 14 14 14 02 02 14 06 06 14 02 14 14 14 02 02 02 01 01 01 13 13 01
08 08 08 08 02 02 02 14 14 14 14 02 06 06 02 14 14 14 14 14 06 06 14 14 14 06 14 14 14 02 02 02 01 01 01 01
08 08 02 02 02 14 14 14 14 06 14 14 14 14 14 14 14 14 14 14 14 14 14 14 14 14 14 14 14 14 14 02 02 02 01 01
02 02 02 02 02 02 02 02 02 02 02 02 02 02 02 02 02 14 14 02 02 02 02 02 02 02 02 02 02 02 02 02 02 02 02 02