36 20                  
02 02 02 02 02 02 02 02 02 02 02 02 02 02 02 02 02 08 08 02 02 02 02 02 02 02 02 02 02 02 02 02 02 02 02 02
02 04 15 15 15 15 15 15 15 05 02 02 02 02 02 02 02 08 08 02 02 02 02 02 02 02 02 02 02 02 04 15 05 02 02 02
02 08 00 02 02 02 03 03 03 06 15 15 05 02 02 02 02 08 08 02 04 15 15 15 15 14 15 15 15 15 07 02 08 02 04 15
02 08 01 02 02 02 03 03 03 08 02 02 08 02 02 02 02 08 08 02 08 02 01 01 02 08 01 03 09 02 08 02 11 15 07 02
02 08 01 02 02 02 04 15 15 13 15 15 13 15 15 15 15 13 13 15 12 02 01 01 02 08 01 03 09 02 08 09 01 01 08 02
02 08 00 01 01 00 08 02 02 02 01 01 02 03 02 01 01 01 01 02 09 09 03 03 02 08 01 03 09 02 08 09 03 03 08 02
02 06 15 15 15 15 13 15 05 02 02 02 02 03 02 01 01 01 02 02 09 02 03 03 02 08 01 03 09 02 08 09 01 01 08 02
02 08 00 00 02 09 02 02 08 02 02 02 02 03 09 01 02 02 02 02 09 02 03 03 09 06 15 15 15 15 07 02 04 15 07 02
02 08 00 00 02 03 02 02 08 02 02 02 02 02 09 01 02 02 04 15 05 02 01 01 02 08 02 02 02 02 08 02 08 02 08 02
02 08 00 00 02 03 02 02 08 01 00 00 00 00 09 01 02 02 08 02 08 02 01 01 02 08 02 02 02 02 08 01 08 02 08 02
02 08 02 02 02 09 02 02 08 01 01 01 01 01 04 15 15 15 12 02 11 15 15 15 15 12 02 02 02 02 08 01 08 02 08 02
02 08 02 01 02 04 15 15 13 05 09 03 03 09 08 00 01 09 02 02 02 02 09 09 01 01 01 02 02 02 08 02 08 03 08 02
02 08 02 01 02 08 02 01 02 08 02 02 02 02 08 01 01 09 02 02 02 02 09 09 01 01 01 02 02 02 08 02 08 03 08 02
02 08 02 01 02 08 01 01 01 08 02 01 01 02 08 09 09 09 02 02 04 15 15 15 15 15 15 15 15 15 13 15 07 01 08 02
02 08 02 02 02 08 02 01 02 08 02 01 01 02 08 02 02 09 02 02 08 02 02 02 02 02 02 02 02 02 02 02 08 01 08 02
15 13 15 15 15 13 15 15 15 07 02 02 02 02 08 02 02 09 01 01 08 02 02 02 02 02 02 02 02 02 02 02 08 02 08 02
02 02 02 02 02 02 02 02 02 08 00 00 00 00 08 02 02 09 01 01 08 02 02 02 02 02 02 02 02 02 02 02 08 02 08 02
02 02 02 02 02 02 02 02 02 08 00 00 00 00 08 02 02 09 01 01 08 02 02 02 02 02 02 02 02 02 02 02 11 15 07 02
02 02 02 02 02 02 02 02 02 11 15 15 15 15 13 15 15 15 15 15 12 02 02 02 02 02 02 02 02 02 02 02 02 02 08 02
02 02 02 02 02 02 02 02 02 02 02 02 02 02 02 02 02 02 02 02 02 02 02 02 02 02 02 02 02 02 02 02 02 02 08 02